%YAML:1.0
M1: !!opencv-matrix
   rows: 3
   cols: 3
   dt: d
   data: [ 5.3471311032432391e+02, 0., 3.3513838135674735e+02, 0.,
       5.3471311032432391e+02, 2.4020578137651341e+02, 0., 0., 1. ]
D1: !!opencv-matrix
   rows: 1
   cols: 8
   dt: d
   data: [ -2.7456815913629645e-01, -1.8329019064962277e-02, 0., 0., 0.,
       0., 0., -2.4481064038799177e-01 ]
M2: !!opencv-matrix
   rows: 3
   cols: 3
   dt: d
   data: [ 5.3471311032432391e+02, 0., 3.3401518911545526e+02, 0.,
       5.3471311032432391e+02, 2.4159041667844363e+02, 0., 0., 1. ]
D2: !!opencv-matrix
   rows: 1
   cols: 8
   dt: d
   data: [ -2.8073450162365271e-01, 9.3000165783151290e-02, 0., 0., 0.,
       0., 0., 1.6314434959668282e-02 ]
