%YAML:1.0
R: !!opencv-matrix
   rows: 3
   cols: 3
   dt: d
   data: [ 9.9975845371004723e-01, 5.2938494283307751e-03,
       -2.1330949194199030e-02, -4.9128856780201336e-03,
       9.9982820089904900e-01, 1.7872667436219597e-02,
       2.1421899766595000e-02, -1.7763553844914078e-02,
       9.9961270418356973e-01 ]
T: !!opencv-matrix
   rows: 3
   cols: 1
   dt: d
   data: [ -3.3385325916025859e+00, 4.8752483611573305e-02,
       -1.0621381929002180e-01 ]
R1: !!opencv-matrix
   rows: 3
   cols: 3
   dt: d
   data: [ 9.9989926797130868e-01, -9.8657055577587791e-03,
       1.0204007266190250e-02, 9.7747996340893928e-03,
       9.9991243357170068e-01, 8.9206771510116425e-03,
       -1.0291122511867307e-02, -8.8200364266131127e-03,
       9.9990814565882957e-01 ]
R2: !!opencv-matrix
   rows: 3
   cols: 3
   dt: d
   data: [ 9.9938785729250434e-01, -1.4594028603107724e-02,
       3.1795047183933389e-02, 1.4875537921261497e-02,
       9.9985206333748144e-01, -8.6353813658800443e-03,
       -3.1664318528115971e-02, 9.1030637102433847e-03,
       9.9945710521424447e-01 ]
P1: !!opencv-matrix
   rows: 3
   cols: 4
   dt: d
   data: [ 4.2656433611135799e+02, 0., 3.2185688400268555e+02, 0., 0.,
       4.2656433611135799e+02, 2.4122886657714844e+02, 0., 0., 0., 1.,
       0. ]
P2: !!opencv-matrix
   rows: 3
   cols: 4
   dt: d
   data: [ 4.2656433611135799e+02, 0., 3.2185688400268555e+02,
       -1.4249712242664143e+03, 0., 4.2656433611135799e+02,
       2.4122886657714844e+02, 0., 0., 0., 1., 0. ]
Q: !!opencv-matrix
   rows: 4
   cols: 4
   dt: d
   data: [ 1., 0., 0., -3.2185688400268555e+02, 0., 1., 0.,
       -2.4122886657714844e+02, 0., 0., 0., 4.2656433611135799e+02, 0.,
       0., 2.9934943867442410e-01, 0. ]
